# oST version 5.0 parameters


[image]

width
1280

height
960

[stereo/left]

camera matrix
559.454992 0.000000 315.385954
0.000000 571.257748 261.912039
0.000000 0.000000 1.000000

distortion
-0.363116 0.188817 -0.003998 0.008426 0.000000

rectification
0.995721 -0.025780 -0.088746
0.029984 0.998474 0.046376
0.087415 -0.048838 0.994974

projection
598.737436 0.000000 406.215494 0.000000
0.000000 598.737436 247.813328 0.000000
0.000000 0.000000 1.000000 0.000000

# oST version 5.0 parameters


[image]

width
1280

height
960

[stereo/right]

camera matrix
588.922846 0.000000 325.638837
0.000000 600.198207 228.678858
0.000000 0.000000 1.000000

distortion
-0.417222 0.232378 0.009334 -0.002925 0.000000

rectification
0.988431 0.008688 -0.151423
-0.015915 0.998788 -0.046584
0.150835 0.048455 0.987371

projection
598.737436 0.000000 406.215494 -239.058204
0.000000 598.737436 247.813328 0.000000
0.000000 0.000000 1.000000 0.000000



Left:
D =  [-0.3631164691429046, 0.1888169292263651, -0.003998285291982544, 0.00842611466923026, 0.0]
K =  [559.4549924861888, 0.0, 315.3859538944713, 0.0, 571.2577480344526, 261.9120385627807, 0.0, 0.0, 1.0]
R =  [0.9957206610187979, -0.025779806305139825, -0.08874551711020534, 0.02998441236434432, 0.9984739511769677, 0.046375681517573965, 0.087414531031478, -0.04883820643639536, 0.9949741350189072]
P =  [598.7374356408557, 0.0, 406.2154941558838, 0.0, 0.0, 598.7374356408557, 247.81332778930664, 0.0, 0.0, 0.0, 1.0, 0.0]

Right:
D =  [-0.4172224317163771, 0.23237809184286048, 0.009333853167668344, -0.0029246339580739273, 0.0]
K =  [588.9228457946828, 0.0, 325.6388365334838, 0.0, 600.1982070632819, 228.67885830987362, 0.0, 0.0, 1.0]
R =  [0.9884308736010452, 0.008687784542591642, -0.15142301843516473, -0.01591532266813772, 0.9987875647329779, -0.04658436474973761, 0.15083471290337574, 0.048455370543511886, 0.9873707340451443]
P =  [598.7374356408557, 0.0, 406.2154941558838, -239.05820385123167, 0.0, 598.7374356408557, 247.81332778930664, 0.0, 0.0, 0.0, 1.0, 0.0]
self.T [-0.39465130323988373, -0.0034687762023356307, 0.06045874644550505]
self.R [0.9969089769273437, -0.048739088422716556, 0.061619745061137994, 0.04283436826488886, 0.9946729233530729, 0.09376029246754722, -0.06586128314134872, -0.0908310343878937, 0.9936860744596356]
# oST version 5.0 parameters


[image]

width
1280

height
960

[stereo/left]

camera matrix
559.454992 0.000000 315.385954
0.000000 571.257748 261.912039
0.000000 0.000000 1.000000

distortion
-0.363116 0.188817 -0.003998 0.008426 0.000000

rectification
0.995721 -0.025780 -0.088746
0.029984 0.998474 0.046376
0.087415 -0.048838 0.994974

projection
598.737436 0.000000 406.215494 0.000000
0.000000 598.737436 247.813328 0.000000
0.000000 0.000000 1.000000 0.000000

# oST version 5.0 parameters


[image]

width
1280

height
960

[stereo/right]

camera matrix
588.922846 0.000000 325.638837
0.000000 600.198207 228.678858
0.000000 0.000000 1.000000

distortion
-0.417222 0.232378 0.009334 -0.002925 0.000000

rectification
0.988431 0.008688 -0.151423
-0.015915 0.998788 -0.046584
0.150835 0.048455 0.987371

projection
598.737436 0.000000 406.215494 -239.058204
0.000000 598.737436 247.813328 0.000000
0.000000 0.000000 1.000000 0.000000

